azimuth, elevation, dBi
0, 0, 0
5, 0, -0.05454054458026192
10, 0, -0.21983777126213322
14.999999999999998, 0, -0.50117235596562
20, 0, -0.9082811626241205
25, 0, -1.4571324902625582
29.999999999999996, 0, -2.173431190353087
35, 0, -3.0998751627434302
40, 0, -4.312889814575685
45, 0, -5.968701048312801
50, 0, -8.475439913094885
55, 0, -13.805800788826794
59.99999999999999, 0, -13.477016917132627
65, 0, -9.391788694130094
70, 0, -7.768586183066574
75.00000000000001, 0, -6.974739072233438
80, 0, -6.656005507654098
85, 0, -6.690277899802652
90, 0, -7.041012590548732
95, 0, -7.726521256980377
100, 0, -8.832621882204135
105, 0, -10.595080689277589
110, 0, -13.840300817221943
114.99999999999999, 0, -24.496048412655345
119.99999999999999, 0, -13.524934049040251
125.00000000000001, 0, -11.033611013962432
130, 0, -9.791388359437617
135, 0, -9.15276724600403
140, 0, -8.920425600510448
145.00000000000003, 0, -9.024219066622033
150.00000000000003, 0, -9.456662047559652
155, 0, -10.267070949125783
160, 0, -11.602337837682072
164.99999999999997, 0, -13.898046647692793
170, 0, -19.553745425429177
175.00000000000003, 0, -17.52016602904558
180, 0, -13.605271710099258
185, 0, -17.52016602904549
190, 0, -19.553745425429177
195.00000000000003, 0, -13.89804664769281
200, 0, -11.602337837682084
205, 0, -10.267070949125799
210, 0, -9.45666204755965
215, 0, -9.024219066622031
220, 0, -8.920425600510448
225, 0, -9.15276724600403
229.99999999999997, 0, -9.791388359437617
235, 0, -11.033611013962432
239.99999999999997, 0, -13.524934049040214
245.00000000000003, 0, -24.49604841265551
250.00000000000003, 0, -13.840300817221927
255, 0, -10.59508068927758
260, 0, -8.832621882204135
265, 0, -7.726521256980377
270, 0, -7.041012590548733
275, 0, -6.690277899802652
280, 0, -6.656005507654098
285, 0, -6.974739072233436
290.00000000000006, 0, -7.76858618306658
295, 0, -9.391788694130097
300.00000000000006, 0, -13.477016917132602
305, 0, -13.80580078882681
310, 0, -8.475439913094892
315, 0, -5.968701048312805
320, 0, -4.312889814575689
325, 0, -3.099875162743433
329.99999999999994, 0, -2.1734311903530954
335.00000000000006, 0, -1.4571324902625549
340, 0, -0.9082811626241205
345, 0, -0.50117235596562
350.00000000000006, 0, -0.21983777126213322
355, 0, -0.05454054458026192
360, 0, 0
0, 5, -0.05454054458026192
5, 5, -0.10921799977308416
10, 5, -0.27494096367715337
14.999999999999998, 5, -0.557038919511014
20, 5, -0.9653445699316072
25, 5, -1.5159988979712267
29.999999999999996, 5, -2.235022044732174
35, 5, -3.1657268123714366
40, 5, -4.38588588107664
45, 5, -6.055302198895624
50, 5, -8.595633197635399
55, 5, -14.114912515993385
59.99999999999999, 5, -13.290157487578702
65, 5, -9.345132612607431
70, 5, -7.75101953971416
75.00000000000001, 5, -6.968635625637067
80, 5, -6.655009022244423
85, 5, -6.69101952761869
90, 5, -7.041012590548732
95, 5, -7.723191006876658
100, 5, -8.8220814352727
105, 5, -10.568788244279252
110, 5, -13.764374432613536
114.99999999999999, 5, -25.7345786020295
119.99999999999999, 5, -13.619644153201664
125.00000000000001, 5, -11.085409786674516
130, 5, -9.824289970736274
135, 5, -9.171290221182643
140, 5, -8.923910246922407
145.00000000000003, 5, -9.008399802421119
150.00000000000003, 5, -9.412077296367025
155, 5, -10.17321277626431
160, 5, -11.40796088922395
164.99999999999997, 5, -13.429120910472642
170, 5, -17.442921855390075
175.00000000000003, 5, -22.185492708249015
180, 5, -17.52016602904558
185, 5, -22.18549270824875
190, 5, -17.442921855390075
195.00000000000003, 5, -13.429120910472642
200, 5, -11.407960889223961
205, 5, -10.173212776264313
210, 5, -9.412077296367025
215, 5, -9.008399802421119
220, 5, -8.923910246922407
225, 5, -9.17129022118264
229.99999999999997, 5, -9.824289970736269
235, 5, -11.085409786674516
239.99999999999997, 5, -13.619644153201612
245.00000000000003, 5, -25.73457860202996
250.00000000000003, 5, -13.76437443261352
255, 5, -10.568788244279245
260, 5, -8.8220814352727
265, 5, -7.723191006876658
270, 5, -7.041012590548733
275, 5, -6.69101952761869
280, 5, -6.655009022244423
285, 5, -6.968635625637064
290.00000000000006, 5, -7.751019539714163
295, 5, -9.345132612607438
300.00000000000006, 5, -13.290157487578668
305, 5, -14.114912515993385
310, 5, -8.595633197635404
315, 5, -6.055302198895626
320, 5, -4.385885881076647
325, 5, -3.1657268123714397
329.99999999999994, 5, -2.235022044732179
335.00000000000006, 5, -1.5159988979712247
340, 5, -0.9653445699316072
345, 5, -0.557038919511014
350.00000000000006, 5, -0.27494096367715337
355, 5, -0.10921799977308416
360, 5, -0.05454054458026192
0, 10, -0.21983777126213322
5, 10, -0.27494096367715337
10, 10, -0.44198811767506274
14.999999999999998, 10, -0.7264616382089683
20, 10, -1.1384949867971432
25, 10, -1.6947724545289633
29.999999999999996, 10, -2.422309978587378
35, 10, -3.3663734898804853
40, 10, -4.609052421894211
45, 10, -6.32177931466258
50, 10, -8.97152926951035
55, 10, -15.182446817083283
59.99999999999999, 10, -12.781050598924715
65, 10, -9.210274346930317
70, 10, -7.699642853306808
75.00000000000001, 10, -6.950753456713519
80, 10, -6.652149937891839
85, 10, -6.693265779043985
90, 10, -7.041012590548732
95, 10, -7.713261767680071
100, 10, -8.790766215223488
105, 10, -10.491181531429493
110, 10, -13.544861849344723
114.99999999999999, 10, -45.529891096846015
119.99999999999999, 10, -13.917871606799268
125.00000000000001, 10, -11.2462618148455
130, 10, -9.926929979843685
135, 10, -9.230834318326243
140, 10, -8.939497272282802
145.00000000000003, 10, -8.96899601783447
150.00000000000003, 10, -9.293270056863031
155, 10, -9.924548962653093
160, 10, -10.914942878009551
164.99999999999997, 10, -12.374507178391255
170, 10, -14.500037257550652
175.00000000000003, 10, -17.442921855390075
180, 10, -19.553745425429177
185, 10, -17.44292185539017
190, 10, -14.500037257550652
195.00000000000003, 10, -12.374507178391255
200, 10, -10.914942878009558
205, 10, -9.924548962653096
210, 10, -9.293270056863031
215, 10, -8.96899601783447
220, 10, -8.939497272282802
225, 10, -9.230834318326238
229.99999999999997, 10, -9.926929979843674
235, 10, -11.24626181484549
239.99999999999997, 10, -13.917871606799215
245.00000000000003, 10, -45.529891096846015
250.00000000000003, 10, -13.544861849344723
255, 10, -10.491181531429486
260, 10, -8.790766215223488
265, 10, -7.713261767680073
270, 10, -7.041012590548733
275, 10, -6.693265779043985
280, 10, -6.652149937891839
285, 10, -6.950753456713516
290.00000000000006, 10, -7.699642853306812
295, 10, -9.210274346930326
300.00000000000006, 10, -12.781050598924704
305, 10, -15.182446817083328
310, 10, -8.971529269510356
315, 10, -6.32177931466258
320, 10, -4.609052421894219
325, 10, -3.3663734898804902
329.99999999999994, 10, -2.422309978587382
335.00000000000006, 10, -1.694772454528961
340, 10, -1.1384949867971432
345, 10, -0.7264616382089683
350.00000000000006, 10, -0.44198811767506274
355, 10, -0.27494096367715337
360, 10, -0.21983777126213322
0, 14.999999999999998, -0.50117235596562
5, 14.999999999999998, -0.557038919511014
10, 14.999999999999998, -0.7264616382089683
14.999999999999998, 14.999999999999998, -1.01520152401462
20, 14.999999999999998, -1.4339418368828991
25, 14.999999999999998, -2.000365463851458
29.999999999999996, 14.999999999999998, -2.7433335332371196
35, 14.999999999999998, -3.711774958158088
40, 14.999999999999998, -4.996026883460748
45, 14.999999999999998, -6.790454669329362
50, 14.999999999999998, -9.657594817612773
55, 14.999999999999998, -17.78065381489005
59.99999999999999, 14.999999999999998, -12.06732710786397
65, 14.999999999999998, -9.001226469689726
70, 14.999999999999998, -7.618247362862272
75.00000000000001, 14.999999999999998, -6.922342887312851
80, 14.999999999999998, -6.647812506243822
85, 14.999999999999998, -6.6970797341414725
90, 14.999999999999998, -7.041012590548732
95, 14.999999999999998, -7.696916044233243
100, 14.999999999999998, -8.739575537131092
105, 14.999999999999998, -10.365912566413764
110, 14.999999999999998, -13.203938699827372
114.99999999999999, 14.999999999999998, -23.595394216729346
119.99999999999999, 14.999999999999998, -14.46905600125903
125.00000000000001, 14.999999999999998, -11.533853672846481
130, 14.999999999999998, -10.11155926883244
135, 14.999999999999998, -9.343319350909749
140, 14.999999999999998, -8.98196158843832
145.00000000000003, 14.999999999999998, -8.928114069903017
150.00000000000003, 14.999999999999998, -9.13884387690883
155, 14.999999999999998, -9.598812521851976
160, 14.999999999999998, -10.30590104634996
164.99999999999997, 14.999999999999998, -11.252358802093438
170, 14.999999999999998, -12.374507178391255
175.00000000000003, 14.999999999999998, -13.429120910472642
180, 14.999999999999998, -13.89804664769281
185, 14.999999999999998, -13.429120910472662
190, 14.999999999999998, -12.374507178391255
195.00000000000003, 14.999999999999998, -11.252358802093447
200, 14.999999999999998, -10.305901046349966
205, 14.999999999999998, -9.598812521851979
210, 14.999999999999998, -9.13884387690883
215, 14.999999999999998, -8.928114069903017
220, 14.999999999999998, -8.98196158843832
225, 14.999999999999998, -9.343319350909745
229.99999999999997, 14.999999999999998, -10.111559268832437
235, 14.999999999999998, -11.533853672846481
239.99999999999997, 14.999999999999998, -14.469056001258984
245.00000000000003, 14.999999999999998, -23.595394216729346
250.00000000000003, 14.999999999999998, -13.203938699827358
255, 14.999999999999998, -10.36591256641376
260, 14.999999999999998, -8.739575537131092
265, 14.999999999999998, -7.696916044233243
270, 14.999999999999998, -7.041012590548733
275, 14.999999999999998, -6.6970797341414725
280, 14.999999999999998, -6.647812506243821
285, 14.999999999999998, -6.92234288731285
290.00000000000006, 14.999999999999998, -7.618247362862275
295, 14.999999999999998, -9.00122646968973
300.00000000000006, 14.999999999999998, -12.067327107863953
305, 14.999999999999998, -17.78065381489009
310, 14.999999999999998, -9.657594817612784
315, 14.999999999999998, -6.790454669329362
320, 14.999999999999998, -4.996026883460751
325, 14.999999999999998, -3.711774958158092
329.99999999999994, 14.999999999999998, -2.743333533237125
335.00000000000006, 14.999999999999998, -2.000365463851454
340, 14.999999999999998, -1.4339418368828991
345, 14.999999999999998, -1.01520152401462
350.00000000000006, 14.999999999999998, -0.7264616382089683
355, 14.999999999999998, -0.557038919511014
360, 14.999999999999998, -0.50117235596562
0, 20, -0.9082811626241205
5, 20, -0.9653445699316072
10, 20, -1.1384949867971432
14.999999999999998, 20, -1.4339418368828991
20, 20, -1.8632581816362845
25, 20, -2.445757575966246
29.999999999999996, 20, -3.21335501246795
35, 20, -4.221164594415237
40, 20, -5.573893192340601
45, 20, -7.508098455267226
50, 20, -10.785182706189953
55, 20, -28.06430449079089
59.99999999999999, 20, -11.267613173882317
65, 20, -8.73761570179203
70, 20, -7.512605842331745
75.00000000000001, 20, -6.885379323493516
80, 20, -6.642614889861767
85, 20, -6.702563160202905
90, 20, -7.041012590548732
95, 20, -7.674451366889064
100, 20, -8.669947195384973
105, 20, -10.198576859145723
110, 20, -12.771425797840132
114.99999999999999, 20, -19.78424863705313
119.99999999999999, 20, -15.388952305774552
125.00000000000001, 20, -11.983019849954053
130, 20, -10.4004277145776
135, 20, -9.528880613986049
140, 20, -9.074371825617959
145.00000000000003, 20, -8.917264747437327
150.00000000000003, 20, -8.997880166668624
155, 20, -9.280022643834027
160, 20, -9.731682042367208
164.99999999999997, 20, -10.30590104634996
170, 20, -10.914942878009558
175.00000000000003, 20, -11.407960889223961
180, 20, -11.602337837682084
185, 20, -11.407960889223961
190, 20, -10.914942878009558
195.00000000000003, 20, -10.305901046349966
200, 20, -9.73168204236721
205, 20, -9.280022643834027
210, 20, -8.997880166668624
215, 20, -8.917264747437327
220, 20, -9.074371825617959
225, 20, -9.528880613986049
229.99999999999997, 20, -10.400427714577596
235, 20, -11.983019849954053
239.99999999999997, 20, -15.388952305774495
245.00000000000003, 20, -19.78424863705307
250.00000000000003, 20, -12.77142579784011
255, 20, -10.198576859145716
260, 20, -8.669947195384973
265, 20, -7.674451366889064
270, 20, -7.041012590548733
275, 20, -6.702563160202905
280, 20, -6.6426148898617665
285, 20, -6.885379323493512
290.00000000000006, 20, -7.512605842331746
295, 20, -8.73761570179203
300.00000000000006, 20, -11.267613173882305
305, 20, -28.064304490790498
310, 20, -10.785182706189953
315, 20, -7.5080984552672305
320, 20, -5.5738931923406065
325, 20, -4.221164594415242
329.99999999999994, 20, -3.2133550124679577
335.00000000000006, 20, -2.445757575966246
340, 20, -1.8632581816362845
345, 20, -1.4339418368828991
350.00000000000006, 20, -1.1384949867971432
355, 20, -0.9653445699316072
360, 20, -0.9082811626241205
0, 25, -1.4571324902625582
5, 25, -1.5159988979712267
10, 25, -1.6947724545289633
14.999999999999998, 25, -2.000365463851458
20, 25, -2.445757575966246
25, 25, -3.0528756407606044
29.999999999999996, 25, -3.8586310288098034
35, 25, -4.9285782943133984
40, 25, -6.392916911986353
45, 25, -8.570123830168972
50, 25, -12.708204604542345
55, 25, -16.281008741091664
59.99999999999999, 25, -10.466781524709457
65, 25, -8.44089307055345
70, 25, -7.3898033265824825
75.00000000000001, 25, -6.842418340785529
80, 25, -6.637377856788137
85, 25, -6.709851622425001
90, 25, -7.041012590548732
95, 25, -7.646270723591247
100, 25, -8.583773828622526
105, 25, -9.996104566560666
110, 25, -12.278200064905223
114.99999999999999, 25, -17.360819058036782
119.99999999999999, 25, -16.97265872616811
125.00000000000001, 25, -12.658392014443605
130, 25, -10.830005695330055
135, 25, -9.817308270162362
140, 25, -9.247321395359844
145.00000000000003, 25, -8.97329521011985
150.00000000000003, 25, -8.919567729596316
155, 25, -9.036450610341973
160, 25, -9.280022643834023
164.99999999999997, 25, -9.598812521851976
170, 25, -9.924548962653093
175.00000000000003, 25, -10.17321277626431
180, 25, -10.267070949125783
185, 25, -10.173212776264313
190, 25, -9.924548962653093
195.00000000000003, 25, -9.598812521851976
200, 25, -9.280022643834027
205, 25, -9.036450610341973
210, 25, -8.919567729596316
215, 25, -8.97329521011985
220, 25, -9.247321395359844
225, 25, -9.817308270162359
229.99999999999997, 25, -10.830005695330055
235, 25, -12.658392014443596
239.99999999999997, 25, -16.972658726168053
245.00000000000003, 25, -17.360819058036746
250.00000000000003, 25, -12.278200064905212
255, 25, -9.996104566560657
260, 25, -8.583773828622526
265, 25, -7.646270723591247
270, 25, -7.041012590548733
275, 25, -6.709851622425001
280, 25, -6.637377856788137
285, 25, -6.8424183407855255
290.00000000000006, 25, -7.389803326582486
295, 25, -8.440893070553452
300.00000000000006, 25, -10.46678152470945
305, 25, -16.281008741091615
310, 25, -12.70820460454236
315, 25, -8.57012383016898
320, 25, -6.392916911986361
325, 25, -4.928578294313407
329.99999999999994, 25, -3.8586310288098113
335.00000000000006, 25, -3.0528756407606017
340, 25, -2.445757575966246
345, 25, -2.000365463851458
350.00000000000006, 25, -1.6947724545289633
355, 25, -1.5159988979712267
360, 25, -1.4571324902625582
0, 29.999999999999996, -2.173431190353087
5, 29.999999999999996, -2.235022044732174
10, 29.999999999999996, -2.422309978587378
14.999999999999998, 29.999999999999996, -2.7433335332371196
20, 29.999999999999996, -3.21335501246795
25, 29.999999999999996, -3.8586310288098034
29.999999999999996, 29.999999999999996, -4.7246169068218595
35, 29.999999999999996, -5.89560949859814
40, 29.999999999999996, -7.551386372742885
45, 29.999999999999996, -10.196773523837892
50, 29.999999999999996, -16.99962870072476
55, 29.999999999999996, -13.161549753881914
59.99999999999999, 29.999999999999996, -9.714439223147302
65, 29.999999999999996, -8.131317233930675
70, 29.999999999999996, -7.257534684887541
75.00000000000001, 29.999999999999996, -6.796423597715721
80, 29.999999999999996, -6.6330847734026435
85, 29.999999999999996, -6.719107945728757
90, 29.999999999999996, -7.041012590548732
95, 29.999999999999996, -7.612869921335207
100, 29.999999999999996, -8.483300012428971
105, 29.999999999999996, -9.766110714453898
110, 29.999999999999996, -11.75168214904591
114.99999999999999, 29.999999999999996, -15.547706779297128
119.99999999999999, 29.999999999999996, -20.35121287941985
125.00000000000001, 29.999999999999996, -13.68909610254894
130, 29.999999999999996, -11.461256076050086
135, 29.999999999999996, -10.252455465236707
140, 29.999999999999996, -9.540424380704886
145.00000000000003, 29.999999999999996, -9.137480290229139
150.00000000000003, 29.999999999999996, -8.950262982023089
155, 29.999999999999996, -8.919567729596316
160, 29.999999999999996, -8.997880166668624
164.99999999999997, 29.999999999999996, -9.13884387690883
170, 29.999999999999996, -9.293270056863031
175.00000000000003, 29.999999999999996, -9.412077296367025
180, 29.999999999999996, -9.456662047559652
185, 29.999999999999996, -9.412077296367025
190, 29.999999999999996, -9.293270056863031
195.00000000000003, 29.999999999999996, -9.13884387690883
200, 29.999999999999996, -8.997880166668624
205, 29.999999999999996, -8.919567729596316
210, 29.999999999999996, -8.950262982023089
215, 29.999999999999996, -9.137480290229139
220, 29.999999999999996, -9.540424380704886
225, 29.999999999999996, -10.252455465236704
229.99999999999997, 29.999999999999996, -11.46125607605008
235, 29.999999999999996, -13.68909610254894
239.99999999999997, 29.999999999999996, -20.351212879419723
245.00000000000003, 29.999999999999996, -15.547706779297105
250.00000000000003, 29.999999999999996, -11.75168214904591
255, 29.999999999999996, -9.766110714453891
260, 29.999999999999996, -8.483300012428977
265, 29.999999999999996, -7.612869921335208
270, 29.999999999999996, -7.041012590548733
275, 29.999999999999996, -6.719107945728757
280, 29.999999999999996, -6.6330847734026435
285, 29.999999999999996, -6.7964235977157195
290.00000000000006, 29.999999999999996, -7.257534684887545
295, 29.999999999999996, -8.13131723393068
300.00000000000006, 29.999999999999996, -9.714439223147302
305, 29.999999999999996, -13.161549753881914
310, 29.999999999999996, -16.99962870072476
315, 29.999999999999996, -10.196773523837901
320, 29.999999999999996, -7.55138637274289
325, 29.999999999999996, -5.895609498598146
329.99999999999994, 29.999999999999996, -4.72461690682187
335.00000000000006, 29.999999999999996, -3.8586310288098007
340, 29.999999999999996, -3.21335501246795
345, 29.999999999999996, -2.7433335332371196
350.00000000000006, 29.999999999999996, -2.422309978587378
355, 29.999999999999996, -2.235022044732174
360, 29.999999999999996, -2.173431190353087
0, 35, -3.0998751627434302
5, 35, -3.1657268123714366
10, 35, -3.3663734898804853
14.999999999999998, 35, -3.711774958158088
20, 35, -4.221164594415237
25, 35, -4.9285782943133984
29.999999999999996, 35, -5.89560949859814
35, 35, -7.244877257400228
40, 35, -9.272653250926789
45, 35, -13.087191518059004
50, 35, -17.95814333427466
55, 35, -11.267613173882317
59.99999999999999, 35, -9.035594558140179
65, 35, -7.826228246415571
70, 35, -7.123492035851054
75.00000000000001, 35, -6.750589094664519
80, 35, -6.63083600539513
85, 35, -6.730514306165515
90, 35, -7.041012590548732
95, 35, -7.574822544847706
100, 35, -8.371010759434728
105, 35, -9.516314280932463
110, 35, -11.213888772650265
114.99999999999999, 35, -14.092887976059647
119.99999999999999, 35, -24.412971249391685
125.00000000000001, 35, -15.388952305774515
130, 35, -12.406733879005207
135, 35, -10.903804856767131
140, 35, -10.00853927187373
145.00000000000003, 35, -9.459409849780444
150.00000000000003, 35, -9.137480290229139
155, 35, -8.97329521011985
160, 35, -8.917264747437327
164.99999999999997, 35, -8.928114069903017
170, 35, -8.96899601783447
175.00000000000003, 35, -9.008399802421119
180, 35, -9.024219066622031
185, 35, -9.008399802421119
190, 35, -8.96899601783447
195.00000000000003, 35, -8.928114069903017
200, 35, -8.917264747437327
205, 35, -8.97329521011985
210, 35, -9.137480290229139
215, 35, -9.459409849780444
220, 35, -10.008539271873724
225, 35, -10.90380485676712
229.99999999999997, 35, -12.406733879005207
235, 35, -15.388952305774515
239.99999999999997, 35, -24.412971249392022
245.00000000000003, 35, -14.092887976059616
250.00000000000003, 35, -11.213888772650265
255, 35, -9.516314280932455
260, 35, -8.371010759434728
265, 35, -7.574822544847706
270, 35, -7.041012590548733
275, 35, -6.730514306165515
280, 35, -6.63083600539513
285, 35, -6.750589094664518
290.00000000000006, 35, -7.123492035851054
295, 35, -7.826228246415571
300.00000000000006, 35, -9.035594558140179
305, 35, -11.267613173882305
310, 35, -17.95814333427466
315, 35, -13.087191518059019
320, 35, -9.272653250926794
325, 35, -7.244877257400232
329.99999999999994, 35, -5.895609498598146
335.00000000000006, 35, -4.9285782943133984
340, 35, -4.221164594415237
345, 35, -3.711774958158088
350.00000000000006, 35, -3.3663734898804853
355, 35, -3.1657268123714366
360, 35, -3.0998751627434302
0, 40, -4.312889814575685
5, 40, -4.38588588107664
10, 40, -4.609052421894211
14.999999999999998, 40, -4.996026883460748
20, 40, -5.573893192340601
25, 40, -6.392916911986353
29.999999999999996, 40, -7.551386372742885
35, 40, -9.272653250926789
40, 40, -12.263119287273092
45, 40, -27.86460151328776
50, 40, -12.781050598924715
55, 40, -9.9323714591422
59.99999999999999, 40, -8.440893070553452
65, 40, -7.539475092670943
70, 40, -6.994910865978413
75.00000000000001, 40, -6.708173977055202
80, 40, -6.631800891657869
85, 40, -6.744263273399765
90, 40, -7.041012590548732
95, 40, -7.532763259501795
100, 40, -8.249521347411445
105, 40, -9.254091170022276
110, 40, -10.681330315799777
114.99999999999999, 40, -12.880544791683143
119.99999999999999, 40, -17.360819058036782
125.00000000000001, 40, -18.96942441693313
130, 40, -13.917871606799268
135, 40, -11.898034101285099
140, 40, -10.738636396637313
145.00000000000003, 40, -10.008539271873724
150.00000000000003, 40, -9.540424380704886
155, 40, -9.247321395359844
160, 40, -9.074371825617959
164.99999999999997, 40, -8.98196158843832
170, 40, -8.939497272282802
175.00000000000003, 40, -8.923910246922407
180, 40, -8.920425600510448
185, 40, -8.923910246922407
190, 40, -8.939497272282802
195.00000000000003, 40, -8.98196158843832
200, 40, -9.074371825617959
205, 40, -9.247321395359844
210, 40, -9.540424380704886
215, 40, -10.008539271873724
220, 40, -10.738636396637313
225, 40, -11.898034101285084
229.99999999999997, 40, -13.917871606799242
235, 40, -18.96942441693313
239.99999999999997, 40, -17.36081905803685
245.00000000000003, 40, -12.880544791683143
250.00000000000003, 40, -10.68133031579977
255, 40, -9.254091170022273
260, 40, -8.249521347411445
265, 40, -7.532763259501795
270, 40, -7.041012590548733
275, 40, -6.744263273399765
280, 40, -6.631800891657869
285, 40, -6.708173977055202
290.00000000000006, 40, -6.994910865978413
295, 40, -7.539475092670944
300.00000000000006, 40, -8.44089307055345
305, 40, -9.932371459142193
310, 40, -12.781050598924704
315, 40, -27.86460151328814
320, 40, -12.263119287273092
325, 40, -9.272653250926794
329.99999999999994, 40, -7.55138637274289
335.00000000000006, 40, -6.392916911986353
340, 40, -5.573893192340601
345, 40, -4.996026883460748
350.00000000000006, 40, -4.609052421894211
355, 40, -4.38588588107664
360, 40, -4.312889814575685
0, 45, -5.968701048312801
5, 45, -6.055302198895624
10, 45, -6.32177931466258
14.999999999999998, 45, -6.790454669329362
20, 45, -7.508098455267226
25, 45, -8.570123830168972
29.999999999999996, 45, -10.196773523837892
35, 45, -13.087191518059004
40, 45, -27.86460151328776
45, 45, -13.477016917132627
50, 45, -10.52526848009168
55, 45, -8.93581449031565
59.99999999999999, 45, -7.93341565564432
65, 45, -7.281587563484068
70, 45, -6.878289679878056
75.00000000000001, 45, -6.672362284365119
80, 45, -6.637170142266494
85, 45, -6.760548147834385
90, 45, -7.041012590548732
95, 45, -7.487370223907947
100, 45, -8.121476333539864
105, 45, -8.986179534121861
110, 45, -10.165818997189675
114.99999999999999, 45, -11.847430027380334
119.99999999999999, 45, -14.57872564519418
125.00000000000001, 45, -22.34494653543619
130, 45, -16.817833249535713
135, 45, -13.524934049040226
140, 45, -11.898034101285099
145.00000000000003, 45, -10.90380485676712
150.00000000000003, 45, -10.252455465236707
155, 45, -9.817308270162362
160, 45, -9.528880613986049
164.99999999999997, 45, -9.343319350909749
170, 45, -9.230834318326238
175.00000000000003, 45, -9.171290221182643
180, 45, -9.15276724600403
185, 45, -9.171290221182643
190, 45, -9.230834318326238
195.00000000000003, 45, -9.343319350909745
200, 45, -9.528880613986049
205, 45, -9.817308270162359
210, 45, -10.252455465236707
215, 45, -10.903804856767131
220, 45, -11.898034101285084
225, 45, -13.524934049040226
229.99999999999997, 45, -16.817833249535713
235, 45, -22.34494653543619
239.99999999999997, 45, -14.578725645194217
245.00000000000003, 45, -11.847430027380334
250.00000000000003, 45, -10.165818997189668
255, 45, -8.98617953412186
260, 45, -8.121476333539864
265, 45, -7.487370223907947
270, 45, -7.041012590548733
275, 45, -6.760548147834386
280, 45, -6.637170142266494
285, 45, -6.672362284365119
290.00000000000006, 45, -6.878289679878058
295, 45, -7.28158756348407
300.00000000000006, 45, -7.933415655644316
305, 45, -8.93581449031565
310, 45, -10.52526848009167
315, 45, -13.477016917132602
320, 45, -27.86460151328814
325, 45, -13.087191518059019
329.99999999999994, 45, -10.196773523837916
335.00000000000006, 45, -8.570123830168969
340, 45, -7.508098455267226
345, 45, -6.790454669329362
350.00000000000006, 45, -6.32177931466258
355, 45, -6.055302198895624
360, 45, -5.968701048312801
0, 50, -8.475439913094885
5, 50, -8.595633197635399
10, 50, -8.97152926951035
14.999999999999998, 50, -9.657594817612773
20, 50, -10.785182706189953
25, 50, -12.708204604542345
29.999999999999996, 50, -16.99962870072476
35, 50, -17.95814333427466
40, 50, -12.781050598924715
45, 50, -10.52526848009168
50, 50, -9.12905778017055
55, 50, -8.177078709335266
59.99999999999999, 50, -7.512605842331745
65, 50, -7.0603018319668145
70, 50, -6.7792608995741865
75.00000000000001, 50, -6.646153662533873
80, 50, -6.6481109363257005
85, 50, -6.779552938154779
90, 50, -7.041012590548732
95, 50, -7.439347341433933
100, 50, -7.989462918398912
105, 50, -8.718522331237228
110, 50, -9.675527849225833
114.99999999999999, 50, -10.955252410816996
119.99999999999999, 50, -12.771425797840122
125.00000000000001, 50, -15.788750911218294
130, 50, -27.86465862437273
135, 50, -16.817833249535713
140, 50, -13.917871606799268
145.00000000000003, 50, -12.406733879005207
150.00000000000003, 50, -11.461256076050086
155, 50, -10.830005695330055
160, 50, -10.4004277145776
164.99999999999997, 50, -10.11155926883244
170, 50, -9.926929979843678
175.00000000000003, 50, -9.824289970736274
180, 50, -9.791388359437617
185, 50, -9.824289970736274
190, 50, -9.926929979843678
195.00000000000003, 50, -10.11155926883244
200, 50, -10.4004277145776
205, 50, -10.830005695330055
210, 50, -11.461256076050086
215, 50, -12.406733879005207
220, 50, -13.917871606799242
225, 50, -16.817833249535713
229.99999999999997, 50, -27.864658624373103
235, 50, -15.788750911218294
239.99999999999997, 50, -12.771425797840132
245.00000000000003, 50, -10.955252410816996
250.00000000000003, 50, -9.67552784922583
255, 50, -8.718522331237228
260, 50, -7.989462918398916
265, 50, -7.439347341433933
270, 50, -7.041012590548733
275, 50, -6.77955293815478
280, 50, -6.6481109363257005
285, 50, -6.646153662533873
290.00000000000006, 50, -6.7792608995741865
295, 50, -7.060301831966815
300.00000000000006, 50, -7.512605842331745
305, 50, -8.177078709335262
310, 50, -9.12905778017055
315, 50, -10.52526848009167
320, 50, -12.781050598924686
325, 50, -17.95814333427466
329.99999999999994, 50, -16.999628700724823
335.00000000000006, 50, -12.708204604542335
340, 50, -10.785182706189953
345, 50, -9.657594817612773
350.00000000000006, 50, -8.97152926951035
355, 50, -8.595633197635399
360, 50, -8.475439913094885
0, 55, -13.805800788826794
5, 55, -14.114912515993385
10, 55, -15.182446817083283
14.999999999999998, 55, -17.78065381489005
20, 55, -28.06430449079089
25, 55, -16.281008741091664
29.999999999999996, 55, -13.161549753881914
35, 55, -11.267613173882317
40, 55, -9.9323714591422
45, 55, -8.93581449031565
50, 55, -8.177078709335266
55, 55, -7.6014944417988195
59.99999999999999, 55, -7.176399159125197
65, 55, -6.881178621154639
70, 55, -6.702573935884577
75.00000000000001, 55, -6.632285543558034
80, 55, -6.665726287662293
85, 55, -6.801442310430858
90, 55, -7.041012590548732
95, 55, -7.389407000657268
100, 55, -7.855941125775364
105, 55, -8.456215349277237
110, 55, -9.215967566857962
114.99999999999999, 55, -10.179195736495197
119.99999999999999, 55, -11.427397234865849
125.00000000000001, 55, -13.13467637159244
130, 55, -15.78875091121827
135, 55, -22.34494653543619
140, 55, -18.96942441693313
145.00000000000003, 55, -15.388952305774515
150.00000000000003, 55, -13.68909610254894
155, 55, -12.658392014443605
160, 55, -11.983019849954053
164.99999999999997, 55, -11.533853672846494
170, 55, -11.2462618148455
175.00000000000003, 55, -11.085409786674516
180, 55, -11.033611013962432
185, 55, -11.085409786674516
190, 55, -11.2462618148455
195.00000000000003, 55, -11.533853672846481
200, 55, -11.983019849954053
205, 55, -12.658392014443605
210, 55, -13.68909610254894
215, 55, -15.388952305774515
220, 55, -18.96942441693313
225, 55, -22.34494653543619
229.99999999999997, 55, -15.788750911218294
235, 55, -13.134676371592452
239.99999999999997, 55, -11.427397234865868
245.00000000000003, 55, -10.179195736495197
250.00000000000003, 55, -9.215967566857962
255, 55, -8.456215349277233
260, 55, -7.855941125775364
265, 55, -7.389407000657268
270, 55, -7.041012590548732
275, 55, -6.801442310430858
280, 55, -6.665726287662295
285, 55, -6.632285543558034
290.00000000000006, 55, -6.702573935884578
295, 55, -6.881178621154639
300.00000000000006, 55, -7.176399159125197
305, 55, -7.6014944417988195
310, 55, -8.177078709335262
315, 55, -8.93581449031565
320, 55, -9.932371459142193
325, 55, -11.267613173882305
329.99999999999994, 55, -13.161549753881891
335.00000000000006, 55, -16.281008741091664
340, 55, -28.06430449079089
345, 55, -17.78065381489005
350.00000000000006, 55, -15.182446817083283
355, 55, -14.114912515993385
360, 55, -13.805800788826794
0, 59.99999999999999, -13.477016917132627
5, 59.99999999999999, -13.290157487578702
10, 59.99999999999999, -12.781050598924715
14.999999999999998, 59.99999999999999, -12.06732710786397
20, 59.99999999999999, -11.267613173882317
25, 59.99999999999999, -10.466781524709457
29.999999999999996, 59.99999999999999, -9.714439223147302
35, 59.99999999999999, -9.035594558140179
40, 59.99999999999999, -8.440893070553452
45, 59.99999999999999, -7.93341565564432
50, 59.99999999999999, -7.512605842331745
55, 59.99999999999999, -7.176399159125197
59.99999999999999, 59.99999999999999, -6.922342887312853
65, 59.99999999999999, -6.7481784585050795
70, 59.99999999999999, -6.652149937891839
75.00000000000001, 59.99999999999999, -6.633183400238508
80, 59.99999999999999, -6.691019527618689
85, 59.99999999999999, -6.82635181275919
90, 59.99999999999999, -7.041012590548732
95, 59.99999999999999, -7.338253846919903
100, 59.99999999999999, -7.723191006876658
105, 59.99999999999999, -8.203525825496937
110, 59.99999999999999, -8.790766215223494
114.99999999999999, 59.99999999999999, -9.502386211403945
119.99999999999999, 59.99999999999999, -10.36591256641376
125.00000000000001, 59.99999999999999, -11.427397234865857
130, 59.99999999999999, -12.771425797840132
135, 59.99999999999999, -14.578725645194199
140, 59.99999999999999, -17.360819058036782
145.00000000000003, 59.99999999999999, -24.412971249391685
150.00000000000003, 59.99999999999999, -20.35121287941985
155, 59.99999999999999, -16.97265872616811
160, 59.99999999999999, -15.388952305774515
164.99999999999997, 59.99999999999999, -14.469056001258984
170, 59.99999999999999, -13.917871606799242
175.00000000000003, 59.99999999999999, -13.61964415320164
180, 59.99999999999999, -13.524934049040226
185, 59.99999999999999, -13.61964415320164
190, 59.99999999999999, -13.917871606799242
195.00000000000003, 59.99999999999999, -14.469056001258984
200, 59.99999999999999, -15.388952305774515
205, 59.99999999999999, -16.972658726168053
210, 59.99999999999999, -20.35121287941985
215, 59.99999999999999, -24.412971249391685
220, 59.99999999999999, -17.360819058036817
225, 59.99999999999999, -14.578725645194199
229.99999999999997, 59.99999999999999, -12.771425797840132
235, 59.99999999999999, -11.427397234865857
239.99999999999997, 59.99999999999999, -10.365912566413764
245.00000000000003, 59.99999999999999, -9.502386211403945
250.00000000000003, 59.99999999999999, -8.790766215223488
255, 59.99999999999999, -8.203525825496934
260, 59.99999999999999, -7.723191006876658
265, 59.99999999999999, -7.338253846919903
270, 59.99999999999999, -7.041012590548732
275, 59.99999999999999, -6.8263518127591905
280, 59.99999999999999, -6.69101952761869
285, 59.99999999999999, -6.63318340023851
290.00000000000006, 59.99999999999999, -6.652149937891839
295, 59.99999999999999, -6.7481784585050795
300.00000000000006, 59.99999999999999, -6.922342887312853
305, 59.99999999999999, -7.176399159125197
310, 59.99999999999999, -7.512605842331745
315, 59.99999999999999, -7.933415655644316
320, 59.99999999999999, -8.44089307055345
325, 59.99999999999999, -9.035594558140179
329.99999999999994, 59.99999999999999, -9.714439223147295
335.00000000000006, 59.99999999999999, -10.466781524709457
340, 59.99999999999999, -11.267613173882317
345, 59.99999999999999, -12.06732710786397
350.00000000000006, 59.99999999999999, -12.781050598924715
355, 59.99999999999999, -13.290157487578702
360, 59.99999999999999, -13.477016917132627
0, 65, -9.391788694130094
5, 65, -9.345132612607431
10, 65, -9.210274346930317
14.999999999999998, 65, -9.001226469689726
20, 65, -8.73761570179203
25, 65, -8.44089307055345
29.999999999999996, 65, -8.131317233930675
35, 65, -7.826228246415571
40, 65, -7.539475092670943
45, 65, -7.281587563484068
50, 65, -7.0603018319668145
55, 65, -6.881178621154639
59.99999999999999, 65, -6.7481784585050795
65, 65, -6.664142725813021
70, 65, -6.631174558387576
75.00000000000001, 65, -6.650933510627192
80, 65, -6.724864117735827
85, 65, -6.854378644701418
90, 65, -7.041012590548732
95, 65, -7.286570005645943
100, 65, -7.593275473715754
105, 65, -7.963951500854822
110, 65, -8.402245058780233
114.99999999999999, 65, -8.912936963532832
119.99999999999999, 65, -9.502386211403945
125.00000000000001, 65, -10.179195736495206
130, 65, -10.955252410816996
135, 65, -11.847430027380334
140, 65, -12.880544791683143
145.00000000000003, 65, -14.092887976059647
150.00000000000003, 65, -15.547706779297128
155, 65, -17.360819058036782
160, 65, -19.78424863705313
164.99999999999997, 65, -23.59539421672949
170, 65, -45.529891096846015
175.00000000000003, 65, -25.7345786020295
180, 65, -24.496048412655345
185, 65, -25.7345786020295
190, 65, -45.529891096846015
195.00000000000003, 65, -23.59539421672949
200, 65, -19.784248637053185
205, 65, -17.360819058036782
210, 65, -15.547706779297128
215, 65, -14.092887976059647
220, 65, -12.880544791683153
225, 65, -11.847430027380334
229.99999999999997, 65, -10.955252410816996
235, 65, -10.179195736495206
239.99999999999997, 65, -9.502386211403945
245.00000000000003, 65, -8.912936963532829
250.00000000000003, 65, -8.402245058780233
255, 65, -7.963951500854819
260, 65, -7.593275473715754
265, 65, -7.286570005645943
270, 65, -7.041012590548732
275, 65, -6.854378644701418
280, 65, -6.724864117735827
285, 65, -6.650933510627192
290.00000000000006, 65, -6.631174558387576
295, 65, -6.664142725813021
300.00000000000006, 65, -6.7481784585050795
305, 65, -6.881178621154637
310, 65, -7.0603018319668145
315, 65, -7.281587563484068
320, 65, -7.539475092670939
325, 65, -7.826228246415568
329.99999999999994, 65, -8.131317233930675
335.00000000000006, 65, -8.44089307055345
340, 65, -8.73761570179203
345, 65, -9.001226469689726
350.00000000000006, 65, -9.210274346930317
355, 65, -9.345132612607431
360, 65, -9.391788694130094
0, 70, -7.768586183066574
5, 70, -7.75101953971416
10, 70, -7.699642853306808
14.999999999999998, 70, -7.618247362862272
20, 70, -7.512605842331745
25, 70, -7.3898033265824825
29.999999999999996, 70, -7.257534684887541
35, 70, -7.123492035851054
40, 70, -6.994910865978413
45, 70, -6.878289679878056
50, 70, -6.7792608995741865
55, 70, -6.702573935884577
59.99999999999999, 70, -6.652149937891839
65, 70, -6.631174558387576
70, 70, -6.6422044570995435
75.00000000000001, 70, -6.6872719130043095
80, 70, -6.767978507792924
85, 70, -6.885573203377408
90, 70, -7.041012590548732
95, 70, -7.235002056208596
100, 70, -7.468016436415208
105, 70, -7.740297567247174
110, 70, -8.05182402003571
114.99999999999999, 70, -8.402245058780233
119.99999999999999, 70, -8.790766215223488
125.00000000000001, 70, -9.215967566857962
130, 70, -9.675527849225833
135, 70, -10.165818997189675
140, 70, -10.681330315799777
145.00000000000003, 70, -11.213888772650273
150.00000000000003, 70, -11.75168214904592
155, 70, -12.278200064905223
160, 70, -12.771425797840132
164.99999999999997, 70, -13.203938699827372
170, 70, -13.544861849344723
175.00000000000003, 70, -13.76437443261355
180, 70, -13.840300817221943
185, 70, -13.76437443261355
190, 70, -13.544861849344723
195.00000000000003, 70, -13.203938699827372
200, 70, -12.771425797840132
205, 70, -12.278200064905223
210, 70, -11.75168214904592
215, 70, -11.213888772650265
220, 70, -10.681330315799777
225, 70, -10.165818997189675
229.99999999999997, 70, -9.675527849225833
235, 70, -9.215967566857966
239.99999999999997, 70, -8.790766215223494
245.00000000000003, 70, -8.402245058780233
250.00000000000003, 70, -8.05182402003571
255, 70, -7.740297567247174
260, 70, -7.468016436415208
265, 70, -7.235002056208596
270, 70, -7.041012590548732
275, 70, -6.885573203377411
280, 70, -6.767978507792924
285, 70, -6.68727191300431
290.00000000000006, 70, -6.6422044570995435
295, 70, -6.631174558387576
300.00000000000006, 70, -6.652149937891839
305, 70, -6.702573935884577
310, 70, -6.7792608995741865
315, 70, -6.878289679878056
320, 70, -6.994910865978413
325, 70, -7.123492035851054
329.99999999999994, 70, -7.257534684887541
335.00000000000006, 70, -7.3898033265824825
340, 70, -7.512605842331745
345, 70, -7.618247362862272
350.00000000000006, 70, -7.699642853306808
355, 70, -7.75101953971416
360, 70, -7.768586183066574
0, 75.00000000000001, -6.974739072233438
5, 75.00000000000001, -6.968635625637067
10, 75.00000000000001, -6.950753456713519
14.999999999999998, 75.00000000000001, -6.922342887312851
20, 75.00000000000001, -6.885379323493516
25, 75.00000000000001, -6.842418340785529
29.999999999999996, 75.00000000000001, -6.796423597715721
35, 75.00000000000001, -6.750589094664519
40, 75.00000000000001, -6.708173977055202
45, 75.00000000000001, -6.672362284365119
50, 75.00000000000001, -6.646153662533873
55, 75.00000000000001, -6.632285543558034
59.99999999999999, 75.00000000000001, -6.633183400238508
65, 75.00000000000001, -6.650933510627192
70, 75.00000000000001, -6.6872719130043095
75.00000000000001, 75.00000000000001, -6.743583437279344
80, 75.00000000000001, -6.820905419312794
85, 75.00000000000001, -6.919931602287846
90, 75.00000000000001, -7.041012590548732
95, 75.00000000000001, -7.1841499432604286
100, 75.00000000000001, -7.348981560279935
105, 75.00000000000001, -7.534756468466356
110, 75.00000000000001, -7.740297567247174
114.99999999999999, 75.00000000000001, -7.963951500854822
119.99999999999999, 75.00000000000001, -8.203525825496934
125.00000000000001, 75.00000000000001, -8.456215349277237
130, 75.00000000000001, -8.718522331237228
135, 75.00000000000001, -8.986179534121861
140, 75.00000000000001, -9.254091170022273
